0 0.488889 0.577778 0.155556 0.311111 0.118091
0 0.961111 0.216667 0.0777778 0.333333 0.125853
0 0.127778 0.138889 0.114815 0.277778 0.143809
0 0.274074 0.172222 0.140741 0.3 0.150793
0 0.457407 0.897222 0.0851852 0.194444 0.151615
0 0.724074 0.783333 0.122222 0.366667 0.160946
0 0.82037 0.513889 0.211111 0.405556 0.16127
0 0.27037 0.363889 0.140741 0.661111 0.167137
0 0.942593 0.483333 0.0851852 0.255556 0.16832
0 0.598148 0.338889 0.122222 0.388889 0.168591
0 0.422222 0.297222 0.140741 0.527778 0.176852
0 0.35 0.944444 0.0703704 0.1 0.183633
0 0.0703704 0.802778 0.140741 0.383333 0.215021
0 0.27963 0.930556 0.0851852 0.138889 0.22725
0 0.52963 0.977778 0.0888889 0.0333333 0.229905
0 0.0592593 0.377778 0.118519 0.433333 0.247815
0 0.977778 0.605556 0.0444444 0.2 0.260599
0 0.159259 0.647222 0.111111 0.35 0.267141
0 0.898148 0.786111 0.137037 0.383333 0.276915
0 0.962963 0.752778 0.0740741 0.472222 0.278251
0 0.772222 0.263889 0.137037 0.35 0.302206
0 0.494444 0.686111 0.218519 0.527778 0.305981
0 0.368519 0.638889 0.159259 0.422222 0.320679
0 0.692593 0.486111 0.192593 0.327778 0.322839
0 0.640741 0.811111 0.192593 0.355556 0.438005
0 0.174074 0.827778 0.192593 0.333333 0.440287
0 0.627778 0.958333 0.107407 0.0833333 0.537222
0 0.155556 0.447222 0.185185 0.383333 0.551703
0 0.787037 0.919444 0.0925926 0.15 0.553788
