0 0.122642 0.563889 0.245283 0.116667 0.113127
0 0.169811 0.558333 0.122642 0.105556 0.201554
0 0.450472 0.441667 0.174528 0.183333 0.312886
0 0.787736 0.8 0.396226 0.377778 0.403229
0 0.306604 0.602778 0.141509 0.283333 0.586178
0 0.900943 0.786111 0.198113 0.394444 0.628014
0 0.884434 0.538889 0.183962 0.211111 0.679798
0 0.698113 0.886111 0.273585 0.216667 0.691766
0 0.294811 0.791667 0.391509 0.405556 0.704688
0 0.70283 0.647222 0.198113 0.316667 0.739197
0 0.584906 0.655556 0.0943396 0.233333 0.760558
0 0.108491 0.777778 0.216981 0.411111 0.805664
0 0.488208 0.719444 0.316038 0.538889 0.87044
