0 0.418519 0.186111 0.125926 0.305556 0.112757
0 0.598148 0.341667 0.122222 0.405556 0.114179
0 0.037037 0.486111 0.0740741 0.35 0.114325
0 0.266667 0.363889 0.140741 0.661111 0.118814
0 0.47963 0.583333 0.137037 0.311111 0.138608
0 0.825926 0.513889 0.207407 0.394444 0.14261
0 0.942593 0.486111 0.0925926 0.261111 0.146569
0 0.127778 0.130556 0.114815 0.261111 0.14688
0 0.961111 0.222222 0.0777778 0.322222 0.154483
0 0.722222 0.783333 0.118519 0.366667 0.158336
0 0.27037 0.169444 0.148148 0.294444 0.174657
0 0.52963 0.980556 0.0888889 0.0388889 0.181726
0 0.457407 0.897222 0.0851852 0.194444 0.182993
0 0.433333 0.302778 0.162963 0.55 0.183555
0 0.977778 0.605556 0.0444444 0.2 0.197264
0 0.35 0.944444 0.0703704 0.1 0.201659
0 0.0666667 0.802778 0.133333 0.383333 0.211138
0 0.0592593 0.386111 0.118519 0.45 0.246984
0 0.898148 0.786111 0.12963 0.383333 0.272255
0 0.161111 0.647222 0.114815 0.35 0.273951
0 0.275926 0.927778 0.0925926 0.144444 0.290558
0 0.694444 0.491667 0.196296 0.327778 0.296366
0 0.774074 0.263889 0.140741 0.35 0.302668
0 0.494444 0.688889 0.218519 0.533333 0.312133
0 0.962963 0.738889 0.0740741 0.466667 0.334685
0 0.37037 0.641667 0.162963 0.427778 0.335292
0 0.175926 0.827778 0.188889 0.333333 0.416532
0 0.62963 0.958333 0.111111 0.0833333 0.431789
0 0.633333 0.813889 0.207407 0.361111 0.444583
0 0.155556 0.444444 0.185185 0.377778 0.534929
0 0.785185 0.919444 0.0962963 0.15 0.54406
0 0.418519 0.186111 0.125926 0.305556 0.112757
0 0.598148 0.341667 0.122222 0.405556 0.114179
0 0.037037 0.486111 0.0740741 0.35 0.114325
0 0.266667 0.363889 0.140741 0.661111 0.118814
0 0.47963 0.583333 0.137037 0.311111 0.138608
0 0.825926 0.513889 0.207407 0.394444 0.14261
0 0.942593 0.486111 0.0925926 0.261111 0.146569
0 0.127778 0.130556 0.114815 0.261111 0.14688
0 0.961111 0.222222 0.0777778 0.322222 0.154483
0 0.722222 0.783333 0.118519 0.366667 0.158336
0 0.27037 0.169444 0.148148 0.294444 0.174657
0 0.52963 0.980556 0.0888889 0.0388889 0.181726
0 0.457407 0.897222 0.0851852 0.194444 0.182993
0 0.433333 0.302778 0.162963 0.55 0.183555
0 0.977778 0.605556 0.0444444 0.2 0.197264
0 0.35 0.944444 0.0703704 0.1 0.201659
0 0.0666667 0.802778 0.133333 0.383333 0.211138
0 0.0592593 0.386111 0.118519 0.45 0.246984
0 0.898148 0.786111 0.12963 0.383333 0.272255
0 0.161111 0.647222 0.114815 0.35 0.273951
0 0.275926 0.927778 0.0925926 0.144444 0.290558
0 0.694444 0.491667 0.196296 0.327778 0.296366
0 0.774074 0.263889 0.140741 0.35 0.302668
0 0.494444 0.688889 0.218519 0.533333 0.312133
0 0.962963 0.738889 0.0740741 0.466667 0.334685
0 0.37037 0.641667 0.162963 0.427778 0.335292
0 0.175926 0.827778 0.188889 0.333333 0.416532
0 0.62963 0.958333 0.111111 0.0833333 0.431789
0 0.633333 0.813889 0.207407 0.361111 0.444583
0 0.155556 0.444444 0.185185 0.377778 0.534929
0 0.785185 0.919444 0.0962963 0.15 0.54406
0 0.418519 0.186111 0.125926 0.305556 0.112757
0 0.598148 0.341667 0.122222 0.405556 0.114179
0 0.037037 0.486111 0.0740741 0.35 0.114325
0 0.266667 0.363889 0.140741 0.661111 0.118814
0 0.47963 0.583333 0.137037 0.311111 0.138608
0 0.825926 0.513889 0.207407 0.394444 0.14261
0 0.942593 0.486111 0.0925926 0.261111 0.146569
0 0.127778 0.130556 0.114815 0.261111 0.14688
0 0.961111 0.222222 0.0777778 0.322222 0.154483
0 0.722222 0.783333 0.118519 0.366667 0.158336
0 0.27037 0.169444 0.148148 0.294444 0.174657
0 0.52963 0.980556 0.0888889 0.0388889 0.181726
0 0.457407 0.897222 0.0851852 0.194444 0.182993
0 0.433333 0.302778 0.162963 0.55 0.183555
0 0.977778 0.605556 0.0444444 0.2 0.197264
0 0.35 0.944444 0.0703704 0.1 0.201659
0 0.0666667 0.802778 0.133333 0.383333 0.211138
0 0.0592593 0.386111 0.118519 0.45 0.246984
0 0.898148 0.786111 0.12963 0.383333 0.272255
0 0.161111 0.647222 0.114815 0.35 0.273951
0 0.275926 0.927778 0.0925926 0.144444 0.290558
0 0.694444 0.491667 0.196296 0.327778 0.296366
0 0.774074 0.263889 0.140741 0.35 0.302668
0 0.494444 0.688889 0.218519 0.533333 0.312133
0 0.962963 0.738889 0.0740741 0.466667 0.334685
0 0.37037 0.641667 0.162963 0.427778 0.335292
0 0.175926 0.827778 0.188889 0.333333 0.416532
0 0.62963 0.958333 0.111111 0.0833333 0.431789
0 0.633333 0.813889 0.207407 0.361111 0.444583
0 0.155556 0.444444 0.185185 0.377778 0.534929
0 0.785185 0.919444 0.0962963 0.15 0.54406
0 0.418519 0.186111 0.125926 0.305556 0.112757
0 0.598148 0.341667 0.122222 0.405556 0.114179
0 0.037037 0.486111 0.0740741 0.35 0.114325
0 0.266667 0.363889 0.140741 0.661111 0.118814
0 0.47963 0.583333 0.137037 0.311111 0.138608
0 0.825926 0.513889 0.207407 0.394444 0.14261
0 0.942593 0.486111 0.0925926 0.261111 0.146569
0 0.127778 0.130556 0.114815 0.261111 0.14688
0 0.961111 0.222222 0.0777778 0.322222 0.154483
0 0.722222 0.783333 0.118519 0.366667 0.158336
0 0.27037 0.169444 0.148148 0.294444 0.174657
0 0.52963 0.980556 0.0888889 0.0388889 0.181726
0 0.457407 0.897222 0.0851852 0.194444 0.182993
0 0.433333 0.302778 0.162963 0.55 0.183555
0 0.977778 0.605556 0.0444444 0.2 0.197264
0 0.35 0.944444 0.0703704 0.1 0.201659
0 0.0666667 0.802778 0.133333 0.383333 0.211138
0 0.0592593 0.386111 0.118519 0.45 0.246984
0 0.898148 0.786111 0.12963 0.383333 0.272255
0 0.161111 0.647222 0.114815 0.35 0.273951
0 0.275926 0.927778 0.0925926 0.144444 0.290558
0 0.694444 0.491667 0.196296 0.327778 0.296366
0 0.774074 0.263889 0.140741 0.35 0.302668
0 0.494444 0.688889 0.218519 0.533333 0.312133
0 0.962963 0.738889 0.0740741 0.466667 0.334685
0 0.37037 0.641667 0.162963 0.427778 0.335292
0 0.175926 0.827778 0.188889 0.333333 0.416532
0 0.62963 0.958333 0.111111 0.0833333 0.431789
0 0.633333 0.813889 0.207407 0.361111 0.444583
0 0.155556 0.444444 0.185185 0.377778 0.534929
0 0.785185 0.919444 0.0962963 0.15 0.54406
0 0.418519 0.186111 0.125926 0.305556 0.112757
0 0.598148 0.341667 0.122222 0.405556 0.114179
0 0.037037 0.486111 0.0740741 0.35 0.114325
0 0.266667 0.363889 0.140741 0.661111 0.118814
0 0.47963 0.583333 0.137037 0.311111 0.138608
0 0.825926 0.513889 0.207407 0.394444 0.14261
0 0.942593 0.486111 0.0925926 0.261111 0.146569
0 0.127778 0.130556 0.114815 0.261111 0.14688
0 0.961111 0.222222 0.0777778 0.322222 0.154483
0 0.722222 0.783333 0.118519 0.366667 0.158336
0 0.27037 0.169444 0.148148 0.294444 0.174657
0 0.52963 0.980556 0.0888889 0.0388889 0.181726
0 0.457407 0.897222 0.0851852 0.194444 0.182993
0 0.433333 0.302778 0.162963 0.55 0.183555
0 0.977778 0.605556 0.0444444 0.2 0.197264
0 0.35 0.944444 0.0703704 0.1 0.201659
0 0.0666667 0.802778 0.133333 0.383333 0.211138
0 0.0592593 0.386111 0.118519 0.45 0.246984
0 0.898148 0.786111 0.12963 0.383333 0.272255
0 0.161111 0.647222 0.114815 0.35 0.273951
0 0.275926 0.927778 0.0925926 0.144444 0.290558
0 0.694444 0.491667 0.196296 0.327778 0.296366
0 0.774074 0.263889 0.140741 0.35 0.302668
0 0.494444 0.688889 0.218519 0.533333 0.312133
0 0.962963 0.738889 0.0740741 0.466667 0.334685
0 0.37037 0.641667 0.162963 0.427778 0.335292
0 0.175926 0.827778 0.188889 0.333333 0.416532
0 0.62963 0.958333 0.111111 0.0833333 0.431789
0 0.633333 0.813889 0.207407 0.361111 0.444583
0 0.155556 0.444444 0.185185 0.377778 0.534929
0 0.785185 0.919444 0.0962963 0.15 0.54406
0 0.418519 0.186111 0.125926 0.305556 0.112757
0 0.598148 0.341667 0.122222 0.405556 0.114179
0 0.037037 0.486111 0.0740741 0.35 0.114325
0 0.266667 0.363889 0.140741 0.661111 0.118814
0 0.47963 0.583333 0.137037 0.311111 0.138608
0 0.825926 0.513889 0.207407 0.394444 0.14261
0 0.942593 0.486111 0.0925926 0.261111 0.146569
0 0.127778 0.130556 0.114815 0.261111 0.14688
0 0.961111 0.222222 0.0777778 0.322222 0.154483
0 0.722222 0.783333 0.118519 0.366667 0.158336
0 0.27037 0.169444 0.148148 0.294444 0.174657
0 0.52963 0.980556 0.0888889 0.0388889 0.181726
0 0.457407 0.897222 0.0851852 0.194444 0.182993
0 0.433333 0.302778 0.162963 0.55 0.183555
0 0.977778 0.605556 0.0444444 0.2 0.197264
0 0.35 0.944444 0.0703704 0.1 0.201659
0 0.0666667 0.802778 0.133333 0.383333 0.211138
0 0.0592593 0.386111 0.118519 0.45 0.246984
0 0.898148 0.786111 0.12963 0.383333 0.272255
0 0.161111 0.647222 0.114815 0.35 0.273951
0 0.275926 0.927778 0.0925926 0.144444 0.290558
0 0.694444 0.491667 0.196296 0.327778 0.296366
0 0.774074 0.263889 0.140741 0.35 0.302668
0 0.494444 0.688889 0.218519 0.533333 0.312133
0 0.962963 0.738889 0.0740741 0.466667 0.334685
0 0.37037 0.641667 0.162963 0.427778 0.335292
0 0.175926 0.827778 0.188889 0.333333 0.416532
0 0.62963 0.958333 0.111111 0.0833333 0.431789
0 0.633333 0.813889 0.207407 0.361111 0.444583
0 0.155556 0.444444 0.185185 0.377778 0.534929
0 0.785185 0.919444 0.0962963 0.15 0.54406
0 0.418519 0.186111 0.125926 0.305556 0.112757
0 0.598148 0.341667 0.122222 0.405556 0.114179
0 0.037037 0.486111 0.0740741 0.35 0.114325
0 0.266667 0.363889 0.140741 0.661111 0.118814
0 0.47963 0.583333 0.137037 0.311111 0.138608
0 0.825926 0.513889 0.207407 0.394444 0.14261
0 0.942593 0.486111 0.0925926 0.261111 0.146569
0 0.127778 0.130556 0.114815 0.261111 0.14688
0 0.961111 0.222222 0.0777778 0.322222 0.154483
0 0.722222 0.783333 0.118519 0.366667 0.158336
0 0.27037 0.169444 0.148148 0.294444 0.174657
0 0.52963 0.980556 0.0888889 0.0388889 0.181726
0 0.457407 0.897222 0.0851852 0.194444 0.182993
0 0.433333 0.302778 0.162963 0.55 0.183555
0 0.977778 0.605556 0.0444444 0.2 0.197264
0 0.35 0.944444 0.0703704 0.1 0.201659
0 0.0666667 0.802778 0.133333 0.383333 0.211138
0 0.0592593 0.386111 0.118519 0.45 0.246984
0 0.898148 0.786111 0.12963 0.383333 0.272255
0 0.161111 0.647222 0.114815 0.35 0.273951
0 0.275926 0.927778 0.0925926 0.144444 0.290558
0 0.694444 0.491667 0.196296 0.327778 0.296366
0 0.774074 0.263889 0.140741 0.35 0.302668
0 0.494444 0.688889 0.218519 0.533333 0.312133
0 0.962963 0.738889 0.0740741 0.466667 0.334685
0 0.37037 0.641667 0.162963 0.427778 0.335292
0 0.175926 0.827778 0.188889 0.333333 0.416532
0 0.62963 0.958333 0.111111 0.0833333 0.431789
0 0.633333 0.813889 0.207407 0.361111 0.444583
0 0.155556 0.444444 0.185185 0.377778 0.534929
0 0.785185 0.919444 0.0962963 0.15 0.54406
0 0.418519 0.186111 0.125926 0.305556 0.112757
0 0.598148 0.341667 0.122222 0.405556 0.114179
0 0.037037 0.486111 0.0740741 0.35 0.114325
0 0.266667 0.363889 0.140741 0.661111 0.118814
0 0.47963 0.583333 0.137037 0.311111 0.138608
0 0.825926 0.513889 0.207407 0.394444 0.14261
0 0.942593 0.486111 0.0925926 0.261111 0.146569
0 0.127778 0.130556 0.114815 0.261111 0.14688
0 0.961111 0.222222 0.0777778 0.322222 0.154483
0 0.722222 0.783333 0.118519 0.366667 0.158336
0 0.27037 0.169444 0.148148 0.294444 0.174657
0 0.52963 0.980556 0.0888889 0.0388889 0.181726
0 0.457407 0.897222 0.0851852 0.194444 0.182993
0 0.433333 0.302778 0.162963 0.55 0.183555
0 0.977778 0.605556 0.0444444 0.2 0.197264
0 0.35 0.944444 0.0703704 0.1 0.201659
0 0.0666667 0.802778 0.133333 0.383333 0.211138
0 0.0592593 0.386111 0.118519 0.45 0.246984
0 0.898148 0.786111 0.12963 0.383333 0.272255
0 0.161111 0.647222 0.114815 0.35 0.273951
0 0.275926 0.927778 0.0925926 0.144444 0.290558
0 0.694444 0.491667 0.196296 0.327778 0.296366
0 0.774074 0.263889 0.140741 0.35 0.302668
0 0.494444 0.688889 0.218519 0.533333 0.312133
0 0.962963 0.738889 0.0740741 0.466667 0.334685
0 0.37037 0.641667 0.162963 0.427778 0.335292
0 0.175926 0.827778 0.188889 0.333333 0.416532
0 0.62963 0.958333 0.111111 0.0833333 0.431789
0 0.633333 0.813889 0.207407 0.361111 0.444583
0 0.155556 0.444444 0.185185 0.377778 0.534929
0 0.785185 0.919444 0.0962963 0.15 0.54406
0 0.418519 0.186111 0.125926 0.305556 0.112757
0 0.598148 0.341667 0.122222 0.405556 0.114179
0 0.037037 0.486111 0.0740741 0.35 0.114325
0 0.266667 0.363889 0.140741 0.661111 0.118814
0 0.47963 0.583333 0.137037 0.311111 0.138608
0 0.825926 0.513889 0.207407 0.394444 0.14261
0 0.942593 0.486111 0.0925926 0.261111 0.146569
0 0.127778 0.130556 0.114815 0.261111 0.14688
0 0.961111 0.222222 0.0777778 0.322222 0.154483
0 0.722222 0.783333 0.118519 0.366667 0.158336
0 0.27037 0.169444 0.148148 0.294444 0.174657
0 0.52963 0.980556 0.0888889 0.0388889 0.181726
0 0.457407 0.897222 0.0851852 0.194444 0.182993
0 0.433333 0.302778 0.162963 0.55 0.183555
0 0.977778 0.605556 0.0444444 0.2 0.197264
0 0.35 0.944444 0.0703704 0.1 0.201659
0 0.0666667 0.802778 0.133333 0.383333 0.211138
0 0.0592593 0.386111 0.118519 0.45 0.246984
0 0.898148 0.786111 0.12963 0.383333 0.272255
0 0.161111 0.647222 0.114815 0.35 0.273951
0 0.275926 0.927778 0.0925926 0.144444 0.290558
0 0.694444 0.491667 0.196296 0.327778 0.296366
0 0.774074 0.263889 0.140741 0.35 0.302668
0 0.494444 0.688889 0.218519 0.533333 0.312133
0 0.962963 0.738889 0.0740741 0.466667 0.334685
0 0.37037 0.641667 0.162963 0.427778 0.335292
0 0.175926 0.827778 0.188889 0.333333 0.416532
0 0.62963 0.958333 0.111111 0.0833333 0.431789
0 0.633333 0.813889 0.207407 0.361111 0.444583
0 0.155556 0.444444 0.185185 0.377778 0.534929
0 0.785185 0.919444 0.0962963 0.15 0.54406
0 0.418519 0.186111 0.125926 0.305556 0.112757
0 0.598148 0.341667 0.122222 0.405556 0.114179
0 0.037037 0.486111 0.0740741 0.35 0.114325
0 0.266667 0.363889 0.140741 0.661111 0.118814
0 0.47963 0.583333 0.137037 0.311111 0.138608
0 0.825926 0.513889 0.207407 0.394444 0.14261
0 0.942593 0.486111 0.0925926 0.261111 0.146569
0 0.127778 0.130556 0.114815 0.261111 0.14688
0 0.961111 0.222222 0.0777778 0.322222 0.154483
0 0.722222 0.783333 0.118519 0.366667 0.158336
0 0.27037 0.169444 0.148148 0.294444 0.174657
0 0.52963 0.980556 0.0888889 0.0388889 0.181726
0 0.457407 0.897222 0.0851852 0.194444 0.182993
0 0.433333 0.302778 0.162963 0.55 0.183555
0 0.977778 0.605556 0.0444444 0.2 0.197264
0 0.35 0.944444 0.0703704 0.1 0.201659
0 0.0666667 0.802778 0.133333 0.383333 0.211138
0 0.0592593 0.386111 0.118519 0.45 0.246984
0 0.898148 0.786111 0.12963 0.383333 0.272255
0 0.161111 0.647222 0.114815 0.35 0.273951
0 0.275926 0.927778 0.0925926 0.144444 0.290558
0 0.694444 0.491667 0.196296 0.327778 0.296366
0 0.774074 0.263889 0.140741 0.35 0.302668
0 0.494444 0.688889 0.218519 0.533333 0.312133
0 0.962963 0.738889 0.0740741 0.466667 0.334685
0 0.37037 0.641667 0.162963 0.427778 0.335292
0 0.175926 0.827778 0.188889 0.333333 0.416532
0 0.62963 0.958333 0.111111 0.0833333 0.431789
0 0.633333 0.813889 0.207407 0.361111 0.444583
0 0.155556 0.444444 0.185185 0.377778 0.534929
0 0.785185 0.919444 0.0962963 0.15 0.54406
0 0.418519 0.186111 0.125926 0.305556 0.112757
0 0.598148 0.341667 0.122222 0.405556 0.114179
0 0.037037 0.486111 0.0740741 0.35 0.114325
0 0.266667 0.363889 0.140741 0.661111 0.118814
0 0.47963 0.583333 0.137037 0.311111 0.138608
0 0.825926 0.513889 0.207407 0.394444 0.14261
0 0.942593 0.486111 0.0925926 0.261111 0.146569
0 0.127778 0.130556 0.114815 0.261111 0.14688
0 0.961111 0.222222 0.0777778 0.322222 0.154483
0 0.722222 0.783333 0.118519 0.366667 0.158336
0 0.27037 0.169444 0.148148 0.294444 0.174657
0 0.52963 0.980556 0.0888889 0.0388889 0.181726
0 0.457407 0.897222 0.0851852 0.194444 0.182993
0 0.433333 0.302778 0.162963 0.55 0.183555
0 0.977778 0.605556 0.0444444 0.2 0.197264
0 0.35 0.944444 0.0703704 0.1 0.201659
0 0.0666667 0.802778 0.133333 0.383333 0.211138
0 0.0592593 0.386111 0.118519 0.45 0.246984
0 0.898148 0.786111 0.12963 0.383333 0.272255
0 0.161111 0.647222 0.114815 0.35 0.273951
0 0.275926 0.927778 0.0925926 0.144444 0.290558
0 0.694444 0.491667 0.196296 0.327778 0.296366
0 0.774074 0.263889 0.140741 0.35 0.302668
0 0.494444 0.688889 0.218519 0.533333 0.312133
0 0.962963 0.738889 0.0740741 0.466667 0.334685
0 0.37037 0.641667 0.162963 0.427778 0.335292
0 0.175926 0.827778 0.188889 0.333333 0.416532
0 0.62963 0.958333 0.111111 0.0833333 0.431789
0 0.633333 0.813889 0.207407 0.361111 0.444583
0 0.155556 0.444444 0.185185 0.377778 0.534929
0 0.785185 0.919444 0.0962963 0.15 0.54406
0 0.418519 0.186111 0.125926 0.305556 0.112757
0 0.598148 0.341667 0.122222 0.405556 0.114179
0 0.037037 0.486111 0.0740741 0.35 0.114325
0 0.266667 0.363889 0.140741 0.661111 0.118814
0 0.47963 0.583333 0.137037 0.311111 0.138608
0 0.825926 0.513889 0.207407 0.394444 0.14261
0 0.942593 0.486111 0.0925926 0.261111 0.146569
0 0.127778 0.130556 0.114815 0.261111 0.14688
0 0.961111 0.222222 0.0777778 0.322222 0.154483
0 0.722222 0.783333 0.118519 0.366667 0.158336
0 0.27037 0.169444 0.148148 0.294444 0.174657
0 0.52963 0.980556 0.0888889 0.0388889 0.181726
0 0.457407 0.897222 0.0851852 0.194444 0.182993
0 0.433333 0.302778 0.162963 0.55 0.183555
0 0.977778 0.605556 0.0444444 0.2 0.197264
0 0.35 0.944444 0.0703704 0.1 0.201659
0 0.0666667 0.802778 0.133333 0.383333 0.211138
0 0.0592593 0.386111 0.118519 0.45 0.246984
0 0.898148 0.786111 0.12963 0.383333 0.272255
0 0.161111 0.647222 0.114815 0.35 0.273951
0 0.275926 0.927778 0.0925926 0.144444 0.290558
0 0.694444 0.491667 0.196296 0.327778 0.296366
0 0.774074 0.263889 0.140741 0.35 0.302668
0 0.494444 0.688889 0.218519 0.533333 0.312133
0 0.962963 0.738889 0.0740741 0.466667 0.334685
0 0.37037 0.641667 0.162963 0.427778 0.335292
0 0.175926 0.827778 0.188889 0.333333 0.416532
0 0.62963 0.958333 0.111111 0.0833333 0.431789
0 0.633333 0.813889 0.207407 0.361111 0.444583
0 0.155556 0.444444 0.185185 0.377778 0.534929
0 0.785185 0.919444 0.0962963 0.15 0.54406
0 0.418519 0.186111 0.125926 0.305556 0.112757
0 0.598148 0.341667 0.122222 0.405556 0.114179
0 0.037037 0.486111 0.0740741 0.35 0.114325
0 0.266667 0.363889 0.140741 0.661111 0.118814
0 0.47963 0.583333 0.137037 0.311111 0.138608
0 0.825926 0.513889 0.207407 0.394444 0.14261
0 0.942593 0.486111 0.0925926 0.261111 0.146569
0 0.127778 0.130556 0.114815 0.261111 0.14688
0 0.961111 0.222222 0.0777778 0.322222 0.154483
0 0.722222 0.783333 0.118519 0.366667 0.158336
0 0.27037 0.169444 0.148148 0.294444 0.174657
0 0.52963 0.980556 0.0888889 0.0388889 0.181726
0 0.457407 0.897222 0.0851852 0.194444 0.182993
0 0.433333 0.302778 0.162963 0.55 0.183555
0 0.977778 0.605556 0.0444444 0.2 0.197264
0 0.35 0.944444 0.0703704 0.1 0.201659
0 0.0666667 0.802778 0.133333 0.383333 0.211138
0 0.0592593 0.386111 0.118519 0.45 0.246984
0 0.898148 0.786111 0.12963 0.383333 0.272255
0 0.161111 0.647222 0.114815 0.35 0.273951
0 0.275926 0.927778 0.0925926 0.144444 0.290558
0 0.694444 0.491667 0.196296 0.327778 0.296366
0 0.774074 0.263889 0.140741 0.35 0.302668
0 0.494444 0.688889 0.218519 0.533333 0.312133
0 0.962963 0.738889 0.0740741 0.466667 0.334685
0 0.37037 0.641667 0.162963 0.427778 0.335292
0 0.175926 0.827778 0.188889 0.333333 0.416532
0 0.62963 0.958333 0.111111 0.0833333 0.431789
0 0.633333 0.813889 0.207407 0.361111 0.444583
0 0.155556 0.444444 0.185185 0.377778 0.534929
0 0.785185 0.919444 0.0962963 0.15 0.54406
0 0.418519 0.186111 0.125926 0.305556 0.112757
0 0.598148 0.341667 0.122222 0.405556 0.114179
0 0.037037 0.486111 0.0740741 0.35 0.114325
0 0.266667 0.363889 0.140741 0.661111 0.118814
0 0.47963 0.583333 0.137037 0.311111 0.138608
0 0.825926 0.513889 0.207407 0.394444 0.14261
0 0.942593 0.486111 0.0925926 0.261111 0.146569
0 0.127778 0.130556 0.114815 0.261111 0.14688
0 0.961111 0.222222 0.0777778 0.322222 0.154483
0 0.722222 0.783333 0.118519 0.366667 0.158336
0 0.27037 0.169444 0.148148 0.294444 0.174657
0 0.52963 0.980556 0.0888889 0.0388889 0.181726
0 0.457407 0.897222 0.0851852 0.194444 0.182993
0 0.433333 0.302778 0.162963 0.55 0.183555
0 0.977778 0.605556 0.0444444 0.2 0.197264
0 0.35 0.944444 0.0703704 0.1 0.201659
0 0.0666667 0.802778 0.133333 0.383333 0.211138
0 0.0592593 0.386111 0.118519 0.45 0.246984
0 0.898148 0.786111 0.12963 0.383333 0.272255
0 0.161111 0.647222 0.114815 0.35 0.273951
0 0.275926 0.927778 0.0925926 0.144444 0.290558
0 0.694444 0.491667 0.196296 0.327778 0.296366
0 0.774074 0.263889 0.140741 0.35 0.302668
0 0.494444 0.688889 0.218519 0.533333 0.312133
0 0.962963 0.738889 0.0740741 0.466667 0.334685
0 0.37037 0.641667 0.162963 0.427778 0.335292
0 0.175926 0.827778 0.188889 0.333333 0.416532
0 0.62963 0.958333 0.111111 0.0833333 0.431789
0 0.633333 0.813889 0.207407 0.361111 0.444583
0 0.155556 0.444444 0.185185 0.377778 0.534929
0 0.785185 0.919444 0.0962963 0.15 0.54406
0 0.94114 0.362712 0.0297398 0.338983 0.111003
0 0.855948 0.579661 0.0254027 0.657627 0.112992
0 0.521066 0.547458 0.0446097 0.776271 0.122771
0 0.58798 0.749153 0.039653 0.447458 0.123628
0 0.616171 0.744068 0.0254027 0.437288 0.137757
0 0.656444 0.569492 0.035316 0.766102 0.163169
0 0.503717 0.547458 0.0408922 0.776271 0.185543
0 0.2057 0.481356 0.0334572 0.745763 0.192827
0 0.139405 0.459322 0.0334572 0.823729 0.20566
0 0.951363 0.708475 0.0291202 0.501695 0.227426
0 0.169455 0.459322 0.0315985 0.735593 0.22749
0 0.280669 0.518644 0.0285006 0.745763 0.249168
0 0.86834 0.564407 0.0340768 0.681356 0.256699
0 0.468092 0.544068 0.0452292 0.755932 0.268859
0 0.435564 0.523729 0.039653 0.728814 0.269006
0 0.368959 0.533898 0.0439901 0.769492 0.271876
0 0.404275 0.533898 0.0452292 0.742373 0.283928
0 0.743494 0.59661 0.0483271 0.745763 0.286131
0 0.296778 0.50678 0.0408922 0.742373 0.308262
0 0.693928 0.60678 0.0446097 0.752542 0.31702
0 0.789653 0.588136 0.0402726 0.749153 0.359699
0 0.330235 0.516949 0.039653 0.783051 0.375671
0 0.932776 0.547458 0.0415118 0.728814 0.490791
0 0.836741 0.562712 0.0489467 0.725424 0.545071
0 0.892503 0.572881 0.0402726 0.698305 0.567782
0 0.243804 0.501695 0.0576208 0.79322 0.627651
0 0.0607187 0.51017 0.039653 0.667797 0.744866
0 0.181227 0.467797 0.0613383 0.833898 0.764736
0 0.121128 0.472881 0.0539033 0.789831 0.785823
0 0.418519 0.186111 0.125926 0.305556 0.112757
0 0.598148 0.341667 0.122222 0.405556 0.114179
0 0.037037 0.486111 0.0740741 0.35 0.114325
0 0.266667 0.363889 0.140741 0.661111 0.118814
0 0.47963 0.583333 0.137037 0.311111 0.138608
0 0.825926 0.513889 0.207407 0.394444 0.14261
0 0.942593 0.486111 0.0925926 0.261111 0.146569
0 0.127778 0.130556 0.114815 0.261111 0.14688
0 0.961111 0.222222 0.0777778 0.322222 0.154483
0 0.722222 0.783333 0.118519 0.366667 0.158336
0 0.27037 0.169444 0.148148 0.294444 0.174657
0 0.52963 0.980556 0.0888889 0.0388889 0.181726
0 0.457407 0.897222 0.0851852 0.194444 0.182993
0 0.433333 0.302778 0.162963 0.55 0.183555
0 0.977778 0.605556 0.0444444 0.2 0.197264
0 0.35 0.944444 0.0703704 0.1 0.201659
0 0.0666667 0.802778 0.133333 0.383333 0.211138
0 0.0592593 0.386111 0.118519 0.45 0.246984
0 0.898148 0.786111 0.12963 0.383333 0.272255
0 0.161111 0.647222 0.114815 0.35 0.273951
0 0.275926 0.927778 0.0925926 0.144444 0.290558
0 0.694444 0.491667 0.196296 0.327778 0.296366
0 0.774074 0.263889 0.140741 0.35 0.302668
0 0.494444 0.688889 0.218519 0.533333 0.312133
0 0.962963 0.738889 0.0740741 0.466667 0.334685
0 0.37037 0.641667 0.162963 0.427778 0.335292
0 0.175926 0.827778 0.188889 0.333333 0.416532
0 0.62963 0.958333 0.111111 0.0833333 0.431789
0 0.633333 0.813889 0.207407 0.361111 0.444583
0 0.155556 0.444444 0.185185 0.377778 0.534929
0 0.785185 0.919444 0.0962963 0.15 0.54406
0 0.122642 0.563889 0.245283 0.116667 0.113127
0 0.169811 0.558333 0.122642 0.105556 0.201554
0 0.450472 0.441667 0.174528 0.183333 0.312886
0 0.787736 0.8 0.396226 0.377778 0.403229
0 0.306604 0.602778 0.141509 0.283333 0.586178
0 0.900943 0.786111 0.198113 0.394444 0.628014
0 0.884434 0.538889 0.183962 0.211111 0.679798
0 0.698113 0.886111 0.273585 0.216667 0.691766
0 0.294811 0.791667 0.391509 0.405556 0.704688
0 0.70283 0.647222 0.198113 0.316667 0.739197
0 0.584906 0.655556 0.0943396 0.233333 0.760558
0 0.108491 0.777778 0.216981 0.411111 0.805664
0 0.488208 0.719444 0.316038 0.538889 0.87044
0 0.122642 0.563889 0.245283 0.116667 0.113127
0 0.169811 0.558333 0.122642 0.105556 0.201554
0 0.450472 0.441667 0.174528 0.183333 0.312886
0 0.787736 0.8 0.396226 0.377778 0.403229
0 0.306604 0.602778 0.141509 0.283333 0.586178
0 0.900943 0.786111 0.198113 0.394444 0.628014
0 0.884434 0.538889 0.183962 0.211111 0.679798
0 0.698113 0.886111 0.273585 0.216667 0.691766
0 0.294811 0.791667 0.391509 0.405556 0.704688
0 0.70283 0.647222 0.198113 0.316667 0.739197
0 0.584906 0.655556 0.0943396 0.233333 0.760558
0 0.108491 0.777778 0.216981 0.411111 0.805664
0 0.488208 0.719444 0.316038 0.538889 0.87044
0 0.122642 0.563889 0.245283 0.116667 0.113127
0 0.169811 0.558333 0.122642 0.105556 0.201554
0 0.450472 0.441667 0.174528 0.183333 0.312886
0 0.787736 0.8 0.396226 0.377778 0.403229
0 0.306604 0.602778 0.141509 0.283333 0.586178
0 0.900943 0.786111 0.198113 0.394444 0.628014
0 0.884434 0.538889 0.183962 0.211111 0.679798
0 0.698113 0.886111 0.273585 0.216667 0.691766
0 0.294811 0.791667 0.391509 0.405556 0.704688
0 0.70283 0.647222 0.198113 0.316667 0.739197
0 0.584906 0.655556 0.0943396 0.233333 0.760558
0 0.108491 0.777778 0.216981 0.411111 0.805664
0 0.488208 0.719444 0.316038 0.538889 0.87044
0 0.122642 0.563889 0.245283 0.116667 0.113127
0 0.169811 0.558333 0.122642 0.105556 0.201554
0 0.450472 0.441667 0.174528 0.183333 0.312886
0 0.787736 0.8 0.396226 0.377778 0.403229
0 0.306604 0.602778 0.141509 0.283333 0.586178
0 0.900943 0.786111 0.198113 0.394444 0.628014
0 0.884434 0.538889 0.183962 0.211111 0.679798
0 0.698113 0.886111 0.273585 0.216667 0.691766
0 0.294811 0.791667 0.391509 0.405556 0.704688
0 0.70283 0.647222 0.198113 0.316667 0.739197
0 0.584906 0.655556 0.0943396 0.233333 0.760558
0 0.108491 0.777778 0.216981 0.411111 0.805664
0 0.488208 0.719444 0.316038 0.538889 0.87044
0 0.122642 0.563889 0.245283 0.116667 0.113127
0 0.169811 0.558333 0.122642 0.105556 0.201554
0 0.450472 0.441667 0.174528 0.183333 0.312886
0 0.787736 0.8 0.396226 0.377778 0.403229
0 0.306604 0.602778 0.141509 0.283333 0.586178
0 0.900943 0.786111 0.198113 0.394444 0.628014
0 0.884434 0.538889 0.183962 0.211111 0.679798
0 0.698113 0.886111 0.273585 0.216667 0.691766
0 0.294811 0.791667 0.391509 0.405556 0.704688
0 0.70283 0.647222 0.198113 0.316667 0.739197
0 0.584906 0.655556 0.0943396 0.233333 0.760558
0 0.108491 0.777778 0.216981 0.411111 0.805664
0 0.488208 0.719444 0.316038 0.538889 0.87044
0 0.418519 0.186111 0.125926 0.305556 0.112757
0 0.598148 0.341667 0.122222 0.405556 0.114179
0 0.037037 0.486111 0.0740741 0.35 0.114325
0 0.266667 0.363889 0.140741 0.661111 0.118814
0 0.47963 0.583333 0.137037 0.311111 0.138608
0 0.825926 0.513889 0.207407 0.394444 0.14261
0 0.942593 0.486111 0.0925926 0.261111 0.146569
0 0.127778 0.130556 0.114815 0.261111 0.14688
0 0.961111 0.222222 0.0777778 0.322222 0.154483
0 0.722222 0.783333 0.118519 0.366667 0.158336
0 0.27037 0.169444 0.148148 0.294444 0.174657
0 0.52963 0.980556 0.0888889 0.0388889 0.181726
0 0.457407 0.897222 0.0851852 0.194444 0.182993
0 0.433333 0.302778 0.162963 0.55 0.183555
0 0.977778 0.605556 0.0444444 0.2 0.197264
0 0.35 0.944444 0.0703704 0.1 0.201659
0 0.0666667 0.802778 0.133333 0.383333 0.211138
0 0.0592593 0.386111 0.118519 0.45 0.246984
0 0.898148 0.786111 0.12963 0.383333 0.272255
0 0.161111 0.647222 0.114815 0.35 0.273951
0 0.275926 0.927778 0.0925926 0.144444 0.290558
0 0.694444 0.491667 0.196296 0.327778 0.296366
0 0.774074 0.263889 0.140741 0.35 0.302668
0 0.494444 0.688889 0.218519 0.533333 0.312133
0 0.962963 0.738889 0.0740741 0.466667 0.334685
0 0.37037 0.641667 0.162963 0.427778 0.335292
0 0.175926 0.827778 0.188889 0.333333 0.416532
0 0.62963 0.958333 0.111111 0.0833333 0.431789
0 0.633333 0.813889 0.207407 0.361111 0.444583
0 0.155556 0.444444 0.185185 0.377778 0.534929
0 0.785185 0.919444 0.0962963 0.15 0.54406
0 0.418519 0.186111 0.125926 0.305556 0.112757
0 0.598148 0.341667 0.122222 0.405556 0.114179
0 0.037037 0.486111 0.0740741 0.35 0.114325
0 0.266667 0.363889 0.140741 0.661111 0.118814
0 0.47963 0.583333 0.137037 0.311111 0.138608
0 0.825926 0.513889 0.207407 0.394444 0.14261
0 0.942593 0.486111 0.0925926 0.261111 0.146569
0 0.127778 0.130556 0.114815 0.261111 0.14688
0 0.961111 0.222222 0.0777778 0.322222 0.154483
0 0.722222 0.783333 0.118519 0.366667 0.158336
0 0.27037 0.169444 0.148148 0.294444 0.174657
0 0.52963 0.980556 0.0888889 0.0388889 0.181726
0 0.457407 0.897222 0.0851852 0.194444 0.182993
0 0.433333 0.302778 0.162963 0.55 0.183555
0 0.977778 0.605556 0.0444444 0.2 0.197264
0 0.35 0.944444 0.0703704 0.1 0.201659
0 0.0666667 0.802778 0.133333 0.383333 0.211138
0 0.0592593 0.386111 0.118519 0.45 0.246984
0 0.898148 0.786111 0.12963 0.383333 0.272255
0 0.161111 0.647222 0.114815 0.35 0.273951
0 0.275926 0.927778 0.0925926 0.144444 0.290558
0 0.694444 0.491667 0.196296 0.327778 0.296366
0 0.774074 0.263889 0.140741 0.35 0.302668
0 0.494444 0.688889 0.218519 0.533333 0.312133
0 0.962963 0.738889 0.0740741 0.466667 0.334685
0 0.37037 0.641667 0.162963 0.427778 0.335292
0 0.175926 0.827778 0.188889 0.333333 0.416532
0 0.62963 0.958333 0.111111 0.0833333 0.431789
0 0.633333 0.813889 0.207407 0.361111 0.444583
0 0.155556 0.444444 0.185185 0.377778 0.534929
0 0.785185 0.919444 0.0962963 0.15 0.54406
