0 0.94114 0.362712 0.0297398 0.338983 0.111003
0 0.855948 0.579661 0.0254027 0.657627 0.112992
0 0.521066 0.547458 0.0446097 0.776271 0.122771
0 0.58798 0.749153 0.039653 0.447458 0.123628
0 0.616171 0.744068 0.0254027 0.437288 0.137757
0 0.656444 0.569492 0.035316 0.766102 0.163169
0 0.503717 0.547458 0.0408922 0.776271 0.185543
0 0.2057 0.481356 0.0334572 0.745763 0.192827
0 0.139405 0.459322 0.0334572 0.823729 0.20566
0 0.951363 0.708475 0.0291202 0.501695 0.227426
0 0.169455 0.459322 0.0315985 0.735593 0.22749
0 0.280669 0.518644 0.0285006 0.745763 0.249168
0 0.86834 0.564407 0.0340768 0.681356 0.256699
0 0.468092 0.544068 0.0452292 0.755932 0.268859
0 0.435564 0.523729 0.039653 0.728814 0.269006
0 0.368959 0.533898 0.0439901 0.769492 0.271876
0 0.404275 0.533898 0.0452292 0.742373 0.283928
0 0.743494 0.59661 0.0483271 0.745763 0.286131
0 0.296778 0.50678 0.0408922 0.742373 0.308262
0 0.693928 0.60678 0.0446097 0.752542 0.31702
0 0.789653 0.588136 0.0402726 0.749153 0.359699
0 0.330235 0.516949 0.039653 0.783051 0.375671
0 0.932776 0.547458 0.0415118 0.728814 0.490791
0 0.836741 0.562712 0.0489467 0.725424 0.545071
0 0.892503 0.572881 0.0402726 0.698305 0.567782
0 0.243804 0.501695 0.0576208 0.79322 0.627651
0 0.0607187 0.51017 0.039653 0.667797 0.744866
0 0.181227 0.467797 0.0613383 0.833898 0.764736
0 0.121128 0.472881 0.0539033 0.789831 0.785823
0 0.872673 0.720565 0.105706 0.348509 0.102395
0 0.325526 0.644427 0.0888889 0.284144 0.105493
0 0.870571 0.188383 0.021021 0.147567 0.109133
0 0.174474 0.502355 0.0426426 0.323391 0.11052
0 0.921021 0.0423862 0.0186186 0.0847724 0.110596
0 0.0828829 0.11146 0.018018 0.103611 0.113462
0 0.954955 0.348509 0.0384384 0.266876 0.113609
0 0.537237 0.452119 0.0414414 0.395604 0.122317
0 0.848949 0.123234 0.021021 0.0769231 0.123261
0 0.701201 0.362637 0.0318318 0.244898 0.123796
0 0.86006 0.863422 0.138138 0.273155 0.124235
0 0.674775 0.883046 0.0738739 0.22449 0.125597
0 0.756456 0.813972 0.0666667 0.353218 0.131406
0 0.701802 0.179749 0.0318318 0.127159 0.132025
0 0.414715 0.383046 0.0546547 0.339089 0.133853
0 0.127628 0.375981 0.0222222 0.22449 0.14457
0 0.0612613 0.279435 0.0192192 0.0502355 0.147339
0 0.911111 0.33752 0.0552553 0.273155 0.161335
0 0.606306 0.704867 0.0630631 0.367347 0.186772
0 0.264264 0.44898 0.0408408 0.304553 0.192893
0 0.107508 0.321036 0.024024 0.249608 0.206027
0 0.944144 0.169545 0.0264264 0.135008 0.214595
0 0.3 0.417582 0.0522523 0.351648 0.239336
0 0.376577 0.399529 0.0816817 0.394035 0.308611
0 0.904805 0.0423862 0.0162162 0.0847724 0.372599
0 0.977177 0.297488 0.0384384 0.340659 0.373069
0 0.294294 0.535322 0.0588589 0.260597 0.397171
0 0.388889 0.454474 0.045045 0.293564 0.401762
0 0.837237 0.314757 0.0540541 0.346939 0.407599
0 0.98979 0.291994 0.0204204 0.348509 0.410302
0 0.5003 0.390895 0.0588589 0.436421 0.435972
0 0.463063 0.372841 0.0516517 0.44741 0.442755
0 0.814715 0.292779 0.0666667 0.368917 0.447315
0 0.121922 0.320251 0.0408408 0.295133 0.453905
0 0.0864865 0.28022 0.0456456 0.33752 0.537889
0 0.858559 0.312402 0.0462462 0.392465 0.554472
0 0.467568 0.819466 0.141141 0.342229 0.556375
0 0.221622 0.434851 0.0636637 0.423862 0.628819
0 0.562162 0.415228 0.0900901 0.456829 0.63842
0 0.171171 0.420722 0.0732733 0.480377 0.647533
0 0.960661 0.296703 0.0594595 0.386185 0.708866
0 0.351952 0.723705 0.139339 0.524333 0.788138
0 0.712312 0.304553 0.0564565 0.383046 0.794363
0 0.94114 0.362712 0.0297398 0.338983 0.111003
0 0.855948 0.579661 0.0254027 0.657627 0.112992
0 0.521066 0.547458 0.0446097 0.776271 0.122771
0 0.58798 0.749153 0.039653 0.447458 0.123628
0 0.616171 0.744068 0.0254027 0.437288 0.137757
0 0.656444 0.569492 0.035316 0.766102 0.163169
0 0.503717 0.547458 0.0408922 0.776271 0.185543
0 0.2057 0.481356 0.0334572 0.745763 0.192827
0 0.139405 0.459322 0.0334572 0.823729 0.20566
0 0.951363 0.708475 0.0291202 0.501695 0.227426
0 0.169455 0.459322 0.0315985 0.735593 0.22749
0 0.280669 0.518644 0.0285006 0.745763 0.249168
0 0.86834 0.564407 0.0340768 0.681356 0.256699
0 0.468092 0.544068 0.0452292 0.755932 0.268859
0 0.435564 0.523729 0.039653 0.728814 0.269006
0 0.368959 0.533898 0.0439901 0.769492 0.271876
0 0.404275 0.533898 0.0452292 0.742373 0.283928
0 0.743494 0.59661 0.0483271 0.745763 0.286131
0 0.296778 0.50678 0.0408922 0.742373 0.308262
0 0.693928 0.60678 0.0446097 0.752542 0.31702
0 0.789653 0.588136 0.0402726 0.749153 0.359699
0 0.330235 0.516949 0.039653 0.783051 0.375671
0 0.932776 0.547458 0.0415118 0.728814 0.490791
0 0.836741 0.562712 0.0489467 0.725424 0.545071
0 0.892503 0.572881 0.0402726 0.698305 0.567782
0 0.243804 0.501695 0.0576208 0.79322 0.627651
0 0.0607187 0.51017 0.039653 0.667797 0.744866
0 0.181227 0.467797 0.0613383 0.833898 0.764736
0 0.121128 0.472881 0.0539033 0.789831 0.785823
0 0.94114 0.362712 0.0297398 0.338983 0.111003
0 0.855948 0.579661 0.0254027 0.657627 0.112992
0 0.521066 0.547458 0.0446097 0.776271 0.122771
0 0.58798 0.749153 0.039653 0.447458 0.123628
0 0.616171 0.744068 0.0254027 0.437288 0.137757
0 0.656444 0.569492 0.035316 0.766102 0.163169
0 0.503717 0.547458 0.0408922 0.776271 0.185543
0 0.2057 0.481356 0.0334572 0.745763 0.192827
0 0.139405 0.459322 0.0334572 0.823729 0.20566
0 0.951363 0.708475 0.0291202 0.501695 0.227426
0 0.169455 0.459322 0.0315985 0.735593 0.22749
0 0.280669 0.518644 0.0285006 0.745763 0.249168
0 0.86834 0.564407 0.0340768 0.681356 0.256699
0 0.468092 0.544068 0.0452292 0.755932 0.268859
0 0.435564 0.523729 0.039653 0.728814 0.269006
0 0.368959 0.533898 0.0439901 0.769492 0.271876
0 0.404275 0.533898 0.0452292 0.742373 0.283928
0 0.743494 0.59661 0.0483271 0.745763 0.286131
0 0.296778 0.50678 0.0408922 0.742373 0.308262
0 0.693928 0.60678 0.0446097 0.752542 0.31702
0 0.789653 0.588136 0.0402726 0.749153 0.359699
0 0.330235 0.516949 0.039653 0.783051 0.375671
0 0.932776 0.547458 0.0415118 0.728814 0.490791
0 0.836741 0.562712 0.0489467 0.725424 0.545071
0 0.892503 0.572881 0.0402726 0.698305 0.567782
0 0.243804 0.501695 0.0576208 0.79322 0.627651
0 0.0607187 0.51017 0.039653 0.667797 0.744866
0 0.181227 0.467797 0.0613383 0.833898 0.764736
0 0.121128 0.472881 0.0539033 0.789831 0.785823
0 0.94114 0.362712 0.0297398 0.338983 0.111003
0 0.855948 0.579661 0.0254027 0.657627 0.112992
0 0.521066 0.547458 0.0446097 0.776271 0.122771
0 0.58798 0.749153 0.039653 0.447458 0.123628
0 0.616171 0.744068 0.0254027 0.437288 0.137757
0 0.656444 0.569492 0.035316 0.766102 0.163169
0 0.503717 0.547458 0.0408922 0.776271 0.185543
0 0.2057 0.481356 0.0334572 0.745763 0.192827
0 0.139405 0.459322 0.0334572 0.823729 0.20566
0 0.951363 0.708475 0.0291202 0.501695 0.227426
0 0.169455 0.459322 0.0315985 0.735593 0.22749
0 0.280669 0.518644 0.0285006 0.745763 0.249168
0 0.86834 0.564407 0.0340768 0.681356 0.256699
0 0.468092 0.544068 0.0452292 0.755932 0.268859
0 0.435564 0.523729 0.039653 0.728814 0.269006
0 0.368959 0.533898 0.0439901 0.769492 0.271876
0 0.404275 0.533898 0.0452292 0.742373 0.283928
0 0.743494 0.59661 0.0483271 0.745763 0.286131
0 0.296778 0.50678 0.0408922 0.742373 0.308262
0 0.693928 0.60678 0.0446097 0.752542 0.31702
0 0.789653 0.588136 0.0402726 0.749153 0.359699
0 0.330235 0.516949 0.039653 0.783051 0.375671
0 0.932776 0.547458 0.0415118 0.728814 0.490791
0 0.836741 0.562712 0.0489467 0.725424 0.545071
0 0.892503 0.572881 0.0402726 0.698305 0.567782
0 0.243804 0.501695 0.0576208 0.79322 0.627651
0 0.0607187 0.51017 0.039653 0.667797 0.744866
0 0.181227 0.467797 0.0613383 0.833898 0.764736
0 0.121128 0.472881 0.0539033 0.789831 0.785823
